PTGFRN__4DF__uc__chr1_117453383	1	117452577	117453462	1	117452577	117453462	1	A
PTGFRN__4DF__cv__chr1_117529458	1	117529451	117529887	1	117529451	117529887	1	A
PTGFRN__4DF__cv__chr1_117531620	1	117531150	117532489	1	117531150	117532489	1	A
PTGFRN__4DF__cv__chr1_117532790_offset100	1	117532851	117533077	1	117532851	117533077	1	A
PTGFRN__4DF__dc__chr1_117601989	1	117601638	117603325	1	117601638	117603325	1	A
CDC123__86DF__uc__chr10_12238570	10	12237458	12238618	10	12237458	12238618	1	A
CDC123__86DF__cv__chr10_12307894	10	12307466	12308186	10	12307466	12308186	1	A
rs11257658_CAMK1D__5QTL__eQTL__chr10_12309268	10	12309130	12309292	10	12309130	12309292	1	A
CDC123__86DF__dc__chr10_12390919	10	12390723	12391883	10	12390723	12391883	1	A
ZMIZ1__88DF__uc__chr10_80887421	10	80886456	80888285	10	80886456	80888285	1	A
ZMIZ1__88DF__cv__chr10_80945964_offset100	10	80946012	80946280	10	80946012	80946280	1	A
ZMIZ1__88DF__cv__chr10_80952826	10	80952226	80953201	10	80952226	80953201	1	A
ZMIZ1__88DF__cv__chr10_80953451	10	80953344	80953571	10	80953344	80953571	1	A
ZMIZ1__88DF__cv__chr10_80954789	10	80953665	80954995	10	80953665	80954995	1	A
ZMIZ1__88DF__dc__chr10_81014617	10	81014269	81015591	10	81014269	81015591	1	A
HHEX__89DF__uc__chr10_94353285	10	94352345	94353408	10	94352345	94353408	1	A
HHEX__89DF__cv__chr10_94429907_94430497	10	94429768	94430634	10	94429768	94430634	1	A
HHEX__89DF__cv__chr10_94444793	10	94444764	94444988	10	94444764	94444988	1	A
HHEX__89DF__cv__chr10_94460281	10	94459533	94460710	10	94459533	94460710	1	A
HHEX__89DF__cv__chr10_94462427_94462882	10	94461747	94462953	10	94461747	94462953	1	A
HHEX__89DF__cv__chr10_94463779	10	94463712	94464338	10	94463712	94464338	1	A
HHEX__89DF__cv__chr10_94466439	10	94466369	94466713	10	94466369	94466713	1	A
HHEX__89DF__cv__chr10_94480334	10	94479617	94481015	10	94479617	94481015	1	A
HHEX__89DF__dc__chr10_94602920	10	94602067	94602932	10	94602067	94602932	1	A
TCF7L2__90DF__uc__chr10_114676181	10	114675859	114676758	10	114675859	114676758	1	A
TCF7L2__90DF__cv__chr10_114758349	10	114758223	114758659	10	114758223	114758659	1	A
TCF7L2__90DF__dc__chr10_114819845	10	114818393	114820015	10	114818393	114820015	1	A
TCF7L2__7TG__te__chr10_115016408	10	115015249	115016710	10	115015249	115016710	1	A
IGF2_KCNQ1_combined__8TG__te__chr11_2691500	11	2691003	2692516	11	2691003	2692516	1	A
IGF2_KCNQ1_combined__9TG__te__chr11_2740934	11	2740787	2740946	11	2740787	2740946	1	A
IGF2_KCNQ1_combined__10TG__te__chr11_2799679	11	2799234	2799861	11	2799234	2799861	1	A
IGF2_KCNQ1_combined__11TG__te__chr11_2856428_to_2858636	11	2856024	2859176	11	2856024	2859176	1	A
rs11039165_MADD__15QTL__eQTL__chr11_47312689	11	47312217	47312853	11	47312217	47312853	1	A
MALAT1__97DF__uc__chr11_65187555	11	65187374	65187637	11	65187374	65187637	1	A
MALAT1__97DF__cv__chr11_65238121	11	65237861	65238159	11	65237861	65238159	1	A
MALAT1__97DF__cv__chr11_65249145	11	65248657	65249522	11	65248657	65249522	1	A
MALAT1__97DF__cv__chr11_65257527	11	65257186	65257566	11	65257186	65257566	1	A
MALAT1__97DF__cv__chr11_65260646	11	65260218	65261006	11	65260218	65261006	1	A
MALAT1__97DF__cv__chr11_65263895	11	65263638	65264118	11	65263638	65264118	1	A
MALAT1__97DF__cv__chr11_65271832	11	65271389	65271873	11	65271389	65271873	1	A
MALAT1__97DF__cv__chr11_65278461	11	65278219	65278698	11	65278219	65278698	1	A
MALAT1__97DF__cv__chr11_65294799	11	65294432	65294821	11	65294432	65294821	1	A
MALAT1__97DF__cv__chr11_65301410	11	65301330	65301479	11	65301330	65301479	1	A
MALAT1__97DF__cv__chr11_65302893	11	65302140	65303040	11	65302140	65303040	1	A
MALAT1__97DF__cv__chr11_65307402	11	65306513	65307458	11	65306513	65307458	1	A
MALAT1__97DF__cv__chr11_65314830	11	65314766	65316067	11	65314766	65316067	1	A
MALAT1__97DF__cv__chr11_65326154	11	65325221	65327089	11	65325221	65327089	1	A
MALAT1__97DF__cv__chr11_65337251	11	65336604	65337874	11	65336604	65337874	1	A
MALAT1__97DF__dc__chr11_65393411	11	65393161	65393817	11	65393161	65393817	1	A
CCND1__98DF__cv__chr11_69448758	11	69448263	69449095	11	69448263	69449095	1	A
CCND1__98DF__cv__chr11_69451864	11	69450173	69452077	11	69450173	69452077	1	A
CCND1__98DF__cv__chr11_69453044_69454276	11	69452806	69454759	11	69452806	69454759	1	A
CCND1__98DF__cv__chr11_69456000	11	69455848	69456258	11	69455848	69456258	1	A
CCND1__98DF__cv__chr11_69458430_to_69462856	11	69458396	69462898	11	69458396	69462898	1	A
CCND1__98DF__dc__chr11_69785929	11	69785459	69787079	11	69785459	69787079	1	A
ARAP1__99DF__uc__chr11_72364661	11	72364024	72365010	11	72364024	72365010	1	A
ARAP1__99DF__cv__chr11_72429579	11	72428593	72431017	11	72428593	72431017	1	A
ARAP1__99DF__cv__chr11_72432985	11	72432524	72433178	11	72432524	72433178	1	A
ARAP1__99DF__cv__chr11_72455885	11	72455174	72455929	11	72455174	72455929	1	A
ARAP1__99DF__cv__chr11_72457487	11	72457049	72457799	11	72457049	72457799	1	A
ARAP1__99DF__cv__chr11_72460398_72460762	11	72460259	72461020	11	72460259	72461020	1	A
ARAP1__99DF__cv__chr11_72463435	11	72463020	72463976	11	72463020	72463976	1	A
ARAP1__99DF__dc__chr11_72514783	11	72514660	72514899	11	72514660	72514899	1	A
MTNR1B__14TG__te__chr11_92708710	11	92708625	92709547	11	92708625	92709547	1	A
CCND2__15TG__te__chr12_4399050	12	4398270	4399085	12	4398270	4399085	1	A
KLHL42__103DF__uc__chr12_27908111	12	27907363	27908436	12	27907363	27908436	1	A
KLHL42__103DF__cv__chr12_27960107	12	27959308	27960230	12	27959308	27960230	1	A
KLHL42__103DF__cv__chr12_27960473_to_27962934	12	27960382	27963115	12	27960382	27963115	1	A
KLHL42__103DF__cv__chr12_27963301_to_27963676	12	27963164	27963703	12	27963164	27963703	1	A
KLHL42__103DF__cv__chr12_27963839	12	27963738	27964108	12	27963738	27964108	1	A
KLHL42__103DF__cv__chr12_27964648_27964781	12	27964409	27965216	12	27964409	27965216	1	A
KLHL42__103DF__dc__chr12_28051043	12	28050971	28051609	12	28050971	28051609	1	A
rs2933243_RDH5__14QTL__eQTL__chr12_56860577	12	56860479	56860618	12	56860479	56860618	1	A
FBRSL1__109DF__uc__chr12_133010618	12	133010199	133011071	12	133010199	133011071	1	A
FBRSL1__109DF__cv__chr12_133066392	12	133066383	133066854	12	133066383	133066854	1	A
FBRSL1__109DF__cv__chr12_133068484	12	133068269	133069162	12	133068269	133069162	1	A
FBRSL1__109DF__cv__chr12_133069698	12	133069444	133071553	12	133069444	133071553	1	A
FBRSL1__109DF__cv__chr12_133072767	12	133071855	133074329	12	133071855	133074329	1	A
FBRSL1__109DF__cv__chr12_133080449	12	133079025	133080597	12	133079025	133080597	1	A
FBRSL1__109DF__cv__chr12_133087707	12	133087589	133088753	12	133087589	133088753	1	A
FBRSL1__109DF__dc__chr12_133170281	12	133170009	133170560	12	133170009	133170560	1	A
rs2146105_WARS__16QTL__eQTL__chr14_100832282	14	100832164	100832522	14	100832164	100832522	1	A
C2CD4A__113DF__uc__chr15_62228795	15	62228338	62229605	15	62228338	62229605	1	A
C2CD4A__113DF__cv__chr15_62383155	15	62383056	62383475	15	62383056	62383475	1	A
C2CD4A__113DF__cv__chr15_62388530	15	62387693	62388873	15	62387693	62388873	1	A
C2CD4A__113DF__cv__chr15_62391608	15	62391237	62392232	15	62391237	62392232	1	A
C2CD4A__113DF__cv__chr15_62394690	15	62394226	62395317	15	62394226	62395317	1	A
C2CD4A__113DF__cv__chr15_62396942	15	62396717	62397193	15	62396717	62397193	1	A
C2CD4A__113DF__cv__chr15_62399093	15	62398889	62399811	15	62398889	62399811	1	A
C2CD4A__113DF__dc__chr15_62456049	15	62454683	62456148	15	62454683	62456148	1	A
rs8042275_LARP6__18QTL__eQTL__chr15_71116445	15	71116161	71116633	15	71116161	71116633	1	A
rs59153558_HMG20A__8QTL__eQTL__chr15_77806770	15	77806762	77807451	15	77806762	77807451	1	A
rs2165069_C15orf38_AP3S2__2QTL__eQTL__chr15_90407119	15	90407110	90407859	15	90407110	90407859	1	A
CMIP__16TG__te__chr16_81534790	16	81534332	81534844	16	81534332	81534844	1	A
rs113748381_POLR2A__11QTL__eQTL__chr17_6953155	17	6953140	6953432	17	6953140	6953432	1	A
TOMM40_GIPR_combined__17TG__te__chr19_45411941	19	45411531	45412840	19	45411531	45412840	1	A
MIR4432HG__11DF__uc__chr2_60443975	2	60443412	60444380	2	60443412	60444380	1	A
MIR4432HG__11DF__cv__chr2_60579624	2	60579537	60580523	2	60579537	60580523	1	A
MIR4432HG__11DF__cv__chr2_60580831	2	60580619	60581037	2	60580619	60581037	1	A
MIR4432HG__11DF__cv__chr2_60581855	2	60581476	60582728	2	60581476	60582728	1	A
MIR4432HG__11DF__cv__chr2_60586707	2	60585514	60587370	2	60585514	60587370	1	A
MIR4432HG__11DF__dc__chr2_60651345	2	60651181	60651384	2	60651181	60651384	1	A
COBLL1__16DF__uc__chr2_165466569	2	165465862	165466825	2	165465862	165466825	1	A
COBLL1__16DF__cv__chr2_165518799	2	165518243	165519141	2	165518243	165519141	1	A
COBLL1__16DF__cv__chr2_165528624_165528876	2	165527395	165528988	2	165527395	165528988	1	A
COBLL1__16DF__cv__chr2_165545615	2	165544829	165546013	2	165544829	165546013	1	A
COBLL1__16DF__cv__chr2_165548569	2	165547889	165551630	2	165547889	165551630	1	A
COBLL1__16DF__cv__chr2_165554302	2	165554270	165554365	2	165554270	165554365	1	A
COBLL1__16DF__dc__chr2_165628430	2	165627665	165628597	2	165627665	165628597	1	A
rs13094957_UBE2E2__13QTL__eQTL__chr3_23457080	3	23456876	23457909	3	23456876	23457909	1	A
ADCY5__24DF__uc__chr3_122921315	3	122921221	122921555	3	122921221	122921555	1	A
ADCY5__1TG__te__chr3_123054770	3	123054431	123056327	3	123054431	123056327	1	A
ADCY5__24DF__cv__chr3_123065778	3	123065365	123067176	3	123065365	123067176	1	A
ADCY5__24DF__cv__chr3_123068744_to_123070517	3	123068662	123070563	3	123068662	123070563	1	A
ADCY5__24DF__dc__chr3_123128552	3	123127983	123128953	3	123127983	123128953	1	A
rs9854769_IGF2BP2__9QTL__eQTL__chr3_185520948	3	185520831	185521093	3	185520831	185521093	1	A
LOC105374266__29DF__uc__chr3_187687425	3	187687378	187688060	3	187687378	187688060	1	A
LOC105374266__29DF__cv__chr3_187740523	3	187739976	187740581	3	187739976	187740581	1	A
LOC105374266__29DF__cv__chr3_187740899	3	187740725	187742050	3	187740725	187742050	1	A
LOC105374266__29DF__dc__chr3_187808629	3	187808443	187809102	3	187808443	187809102	1	A
GNPDA2__32DF__uc__chr4_44996579	4	44996528	44996982	4	44996528	44996982	1	A
GNPDA2__32DF__cv__chr4_45068929	4	45068733	45069809	4	45068733	45069809	1	A
GNPDA2__32DF__cv__chr4_45071269_45071600	4	45071264	45072020	4	45071264	45072020	1	A
GNPDA2__32DF__cv__chr4_45075034	4	45074857	45075472	4	45074857	45075472	1	A
GNPDA2__32DF__cv__chr4_45076195	4	45075993	45077351	4	45075993	45077351	1	A
GNPDA2__32DF__cv__chr4_45082236	4	45081993	45082267	4	45081993	45082267	1	A
GNPDA2__32DF__cv__chr4_45132047	4	45132042	45132146	4	45132042	45132146	1	A
GNPDA2__32DF__cv__chr4_45133240	4	45132906	45134305	4	45132906	45134305	1	A
GNPDA2__32DF__cv__chr4_45142805	4	45142300	45142834	4	45142300	45142834	1	A
GNPDA2__32DF__cv__chr4_45175691	4	45175623	45175936	4	45175623	45175936	1	A
GNPDA2__32DF__cv__chr4_45179883	4	45179749	45180199	4	45179749	45180199	1	A
GNPDA2__32DF__cv__chr4_45181334_45182527	4	45180843	45183713	4	45180843	45183713	1	A
GNPDA2__32DF__cv__chr4_45186139	4	45186134	45186217	4	45186134	45186217	1	A
GNPDA2__32DF__dc__chr4_45238273	4	45237092	45238759	4	45237092	45238759	1	A
ZBED3_AS1__44DF__uc__chr5_76373756	5	76372859	76373759	5	76372859	76373759	1	A
ZBED3_AS1__44DF__cv__chr5_76424949	5	76424920	76425192	5	76424920	76425192	1	A
ZBED3_AS1__44DF__cv__chr5_76425867	5	76425799	76425895	5	76425799	76425895	1	A
ZBED3_AS1__44DF__cv__chr5_76427311	5	76426605	76427592	5	76426605	76427592	1	A
ZBED3_AS1__44DF__cv__chr5_76435004	5	76434596	76435451	5	76434596	76435451	1	A
ZBED3_AS1__44DF__dc__chr5_76496499	5	76496479	76496946	5	76496479	76496946	1	A
rs2910686_ERAP2__17QTL__eQTL__chr5_96252589	5	96252410	96253066	5	96252410	96253066	1	A
RREB1__2TG__te__chr6_7231843	6	7231542	7232070	6	7231542	7232070	1	A
CDKAL1__50DF__uc__chr6_20607229	6	20606927	20607992	6	20606927	20607992	1	A
CDKAL1__50DF__cv__chr6_20673880	6	20673819	20673938	6	20673819	20673938	1	A
CDKAL1__50DF__cv__chr6_20675792	6	20675006	20676189	6	20675006	20676189	1	A
CDKAL1__50DF__cv__chr6_20679709	6	20679239	20679713	6	20679239	20679713	1	A
CDKAL1__50DF__cv__chr6_20680678	6	20680536	20681543	6	20680536	20681543	1	A
CDKAL1__50DF__cv__chr6_20686573	6	20686140	20686617	6	20686140	20686617	1	A
CDKAL1__50DF__cv__chr6_20688121	6	20688067	20688141	6	20688067	20688141	1	A
CDKAL1__50DF__dc__chr6_20744884	6	20744821	20745130	6	20744821	20745130	1	A
rs3807042_KCNK17__10QTL__eQTL__chr6_39290834	6	39290030	39291091	6	39290030	39291091	1	A
LINC01512__55DF__uc__chr6_43755594	6	43755081	43755741	6	43755081	43755741	1	A
LINC01512__55DF__cv__chr6_43806335	6	43805821	43806612	6	43805821	43806612	1	A
LINC01512__55DF__cv__chr6_43810469	6	43810247	43810473	6	43810247	43810473	1	A
LINC01512__55DF__cv__chr6_43810974	6	43810843	43811397	6	43810843	43811397	1	A
LINC01512__55DF__cv__chr6_43811430_43811762	6	43811402	43812002	6	43811402	43812002	1	A
LINC01512__55DF__cv__chr6_43812540	6	43812106	43813156	6	43812106	43813156	1	A
LINC01512__55DF__cv__chr6_43813711	6	43813366	43814220	6	43813366	43814220	1	A
LINC01512__55DF__cv__chr6_43814625	6	43814449	43815017	6	43814449	43815017	1	A
LINC01512__55DF__cv__chr6_43815364	6	43815353	43815700	6	43815353	43815700	1	A
LINC01512__55DF__cv__chr6_43816126	6	43816011	43816748	6	43816011	43816748	1	A
LINC01512__55DF__cv__chr6_43817791	6	43817703	43818118	6	43817703	43818118	1	A
LINC01512__55DF__cv__chr6_43828573	6	43828446	43829869	6	43828446	43829869	1	A
LINC01512__55DF__dc__chr6_43879324	6	43877626	43879511	6	43877626	43879511	1	A
CENPW__3TG__te__chr6_126792095	6	126791752	126792410	6	126791752	126792410	1	A
ETV1__58DF__uc__chr7_13825010	7	13824559	13825158	7	13824559	13825158	1	A
ETV1__58DF__cv__chr7_13889107	7	13888367	13889227	7	13888367	13889227	1	A
ETV1__58DF__cv__chr7_13889771	7	13889617	13890725	7	13889617	13890725	1	A
ETV1__58DF__cv__chr7_13892902_13892963	7	13892779	13893738	7	13892779	13893738	1	A
ETV1__58DF__cv__chr7_13894276	7	13894189	13894336	7	13894189	13894336	1	A
ETV1__58DF__cv__chr7_13894624	7	13894344	13894650	7	13894344	13894650	1	A
ETV1__58DF__cv__chr7_13894939	7	13894835	13896522	7	13894835	13896522	1	A
ETV1__58DF__cv__chr7_13897920	7	13897276	13898578	7	13897276	13898578	1	A
ETV1__58DF__cv__chr7_13900325_13900513	7	13900296	13900806	7	13900296	13900806	1	A
ETV1__58DF__dc__chr7_13959471	7	13958302	13959545	7	13958302	13959545	1	A
rs17168486_DGKB__7QTL__eQTL__chr7_14898282	7	14897100	14898303	7	14897100	14898303	1	A
rs10231021_DGKB__6QTL__eQTL__chr7_15060429	7	15060351	15061487	7	15060351	15061487	1	A
JAZF1__4TG__te__chr7_28214614	7	28214538	28215871	7	28214538	28215871	1	A
CAMK2B__63DF__uc__chr7_44198278	7	44197697	44198284	7	44197697	44198284	1	A
CAMK2B__63DF__cv__chr7_44255643	7	44255497	44256452	7	44255497	44256452	1	A
CAMK2B__63DF__dc__chr7_44323939	7	44323758	44324108	7	44323758	44324108	1	A
rs4736819_NKX6_3__22QTL__eQTL__chr8_41509915	8	41509786	41510872	8	41509786	41510872	1	A
TP53INP1__74DF__uc__chr8_95836174	8	95835482	95836193	8	95835482	95836193	1	A
TP53INP1__74DF__cv__chr8_95926890	8	95926258	95926932	8	95926258	95926932	1	A
TP53INP1__74DF__cv__chr8_95960511	8	95959896	95960650	8	95959896	95960650	1	A
TP53INP1__74DF__cv__chr8_95960767_to_95961979	8	95960656	95962825	8	95960656	95962825	1	A
TP53INP1__74DF__cv__chr8_95965685	8	95965525	95966164	8	95965525	95966164	1	A
TP53INP1__74DF__cv__chr8_95967372	8	95967084	95968733	8	95967084	95968733	1	A
TP53INP1__74DF__cv__chr8_95972453	8	95972360	95973892	8	95972360	95973892	1	A
TP53INP1__74DF__cv__chr8_95980708	8	95980511	95980854	8	95980511	95980854	1	A
TP53INP1__74DF__dc__chr8_96036741	8	96036460	96038117	8	96036460	96038117	1	A
GLIS3__79DF__uc__chr9_4236294	9	4236289	4238253	9	4236289	4238253	1	A
GLIS3__79DF__cv__chr9_4290085_to_4291928	9	4289728	4292556	9	4289728	4292556	1	A
GLIS3__79DF__cv__chr9_4298589	9	4296873	4298790	9	4296873	4298790	1	A
GLIS3__79DF__dc__chr9_4359044	9	4358027	4359304	9	4358027	4359304	1	A
DCAF12__81DF__uc__chr9_33993593	9	33992509	33993959	9	33992509	33993959	1	A
DCAF12__81DF__cv__chr9_34074476	9	34074349	34074740	9	34074349	34074740	1	A
DCAF12__81DF__dc__chr9_34125655	9	34125327	34126285	9	34125327	34126285	1	A
GPSM1__85DF__uc__chr9_139142357	9	139141862	139142443	9	139141862	139142443	1	A
GPSM1__85DF__cv__chr9_139235415	9	139235326	139235526	9	139235326	139235526	1	A
GPSM1__85DF__cv__chr9_139237902	9	139237197	139238103	9	139237197	139238103	1	A
GPSM1__85DF__cv__chr9_139240630_to_139243334	9	139240448	139243698	9	139240448	139243698	1	A
GPSM1__85DF__cv__chr9_139245901_to_139246768	9	139245774	139246870	9	139245774	139246870	1	A
rs28642213_GPSM1__19QTL__eQTL__chr9_139248082	9	139247601	139250035	9	139247601	139250035	1	A
GPSM1__85DF__dc__chr9_139304356	9	139304189	139305594	9	139304189	139305594	1	A
